> m <- c(0, 0, 0, 0, 1,
+ +        1, 0, 0, 0, 0,
+ +        0, 1, 0, 0, 0,
+ +        0, 0, 1, 0, 0,
+ +        0, 0, 0, 1, 0) 
> m
 [1] 0 0 0 0 1 1 0 0 0 0 0 1 0 0 0 0 0 1 0 0 0 0 0 1 0
> is.matrix(m)
[1] FALSE
> m <- matrix(m, ncol=5, byrow=TRUE) 
> is.matrix(m)
[1] TRUE
> m
     [,1] [,2] [,3] [,4] [,5]
[1,]    0    0    0    0    1
[2,]    1    0    0    0    0
[3,]    0    1    0    0    0
[4,]    0    0    1    0    0
[5,]    0    0    0    1    0
> m + m
     [,1] [,2] [,3] [,4] [,5]
[1,]    0    0    0    0    2
[2,]    2    0    0    0    0
[3,]    0    2    0    0    0
[4,]    0    0    2    0    0
[5,]    0    0    0    2    0
> m %*% solve(m)
     [,1] [,2] [,3] [,4] [,5]
[1,]    1    0    0    0    0
[2,]    0    1    0    0    0
[3,]    0    0    1    0    0
[4,]    0    0    0    1    0
[5,]    0    0    0    0    1
> 
